667
12
175
530
633
11
166
503
633
11
166
503
724
81
180
542
724
81
180
542
993
373
201
593
993
373
201
593
993
369
200
593
993
369
200
593
575
369
70
198
575
369
70
198
401
362
23
56
401
362
23
56
406
368
24
57
407
367
24
57
407
367
24
57
406
367
24
57
406
367
24
57
125
113
7
18
125
113
7
18
0
0
0
0
0
0
0
0
0
0
0
0
0
0
0
0
120
109
7
17
412
374
24
58
412
374
24
58
409
370
24
58
409
370
24
58
881
367
171
503
881
367
171
503
959
353
193
573
959
353
193
573
916
278
194
577
916
278
194
577
666
12
175
530
666
12
175
530
666
12
175
530
666
12
175
530
666
12
175
530
632
11
166
503
632
11
166
503
729
86
180
543
729
86
180
543
993
373
201
594
993
373
201
594
993
369
200
593
993
369
200
593
993
367
200
593
680
36
172
519
680
36
172
519
666
12
175
530
666
12
175
530
582
138
123
369
582
138
123
369
413
374
24
58
413
374
24
58
409
370
24
58
409
370
24
58
638
51
158
479
667
12
175
531
667
12
175
531
593
122
130
389
593
122
130
389
413
375
24
58
413
375
24
58
410
371
24
58
410
371
24
58
408
370
24
58
408
370
24
58
973
359
197
583
993
366
201
594
993
366
201
594
993
366
201
594
993
366
201
594
993
366
201
594
993
366
201
594
993
366
201
595
993
366
201
595
643
16
167
505
643
16
167
505
669
12
175
532
791
157
186
558
791
157
186
558
993
372
201
596
993
372
201
596
993
369
201
596
993
369
201
596
963
353
193
572
963
353
193
572
670
12
175
532
670
12
175
532
669
12
176
533
669
12
176
533
669
12
176
533
669
12
176
533
669
12
176
533
669
12
176
533
669
12
176
533
669
12
176
532
669
12
176
532
669
12
176
533
669
12
176
533
820
193
189
565
820
193
189
565
993
373
202
597
993
370
201
596
993
370
201
596
897
332
182
537
897
332
182
537
0
0
0
0
0
0
0
0
0
0
0
0
0
0
0
0
616
237
128
378
616
237
128
378
993
371
202
597
909
336
183
542
909
336
183
542
0
0
0
0
0
0
0
0
0
0
0
0
0
0
0
0
247
223
14
34
247
223
14
34
414
374
24
58
414
374
24
58
391
353
23
55
391
353
23
55
0
0
0
0
0
0
0
0
0
0
0
0
0
0
0
0
0
0
0
0
0
0
0
0
0
0
0
0
0
0
0
0
0
0
0
0
0
0
0
0
0
0
0
0
0
0
0
0
0
0
0
0
0
0
0
0
667
259
139
411
667
259
139
411
993
374
203
601
993
374
203
601
963
336
200
594
963
336
200
594
673
12
177
536
673
12
177
536
673
12
177
536
673
12
176
536
673
12
176
536
118
2
31
94
118
2
31
94
0
0
0
0
0
0
0
0
0
0
0
0
0
0
0
0
0
0
0
0
0
0
0
0
0
0
0
0
333
300
20
46
333
300
20
46
397
358
23
56
397
358
23
56
334
301
19
47
334
301
19
47
0
0
0
0
0
0
0
0
0
0
0
0
0
0
0
0
0
0
0
0
0
0
0
0
0
0
0
0
0
0
0
0
0
0
0
0
0
0
0
0
0
0
0
0
0
0
0
0
0
0
0
0
0
0
0
0
0
0
0
0
374
338
22
52
374
338
22
52
417
376
25
59
291
263
17
41
291
263
17
41
0
0
0
0
0
0
0
0
0
0
0
0
0
0
0
0
0
0
0
0
0
0
0
0
0
0
0
0
0
0
0
0
0
0
0
0
0
0
0
0
0
0
0
0
0
0
0
0
0
0
0
0
0
0
0
0
0
0
0
0
398
358
23
56
398
358
23
56
419
377
25
59
419
377
25
59
521
229
86
252
521
229
86
252
675
12
176
537
675
12
177
537
675
12
177
537
35
1
9
28
35
1
9
28
0
0
0
0
0
0
0
0
0
0
0
0
0
0
0
0
233
209
14
32
233
209
14
32
421
379
25
59
415
373
24
59
415
373
24
59
676
12
177
538
676
12
177
538
675
12
177
538
675
12
177
538
675
12
177
538
675
12
177
538
675
12
177
538
675
12
177
538
675
12
177
537
675
12
177
537
675
12
177
537
675
12
177
537
675
12
177
537
675
12
177
537
675
12
177
537
237
5
62
189
237
5
62
189
0
0
0
0
0
0
0
0
42
1
11
34
676
12
177
538
676
12
177
538
675
12
177
538
675
12
177
538
523
238
84
247
523
238
84
247
420
379
25
59
420
379
25
59
409
357
27
68
409
357
27
68
993
372
203
603
993
372
203
603
993
371
203
602
993
371
203
602
993
371
203
602
768
101
183
554
768
101
183
554
655
12
171
521
655
12
171
521
635
73
152
460
635
73
152
460
422
379
25
59
422
379
25
59
418
376
24
59
813
372
151
445
813
372
151
445
992
371
203
603
992
371
203
603
956
326
200
595
956
326
200
595
677
12
177
539
677
12
177
539
677
12
177
539
677
12
177
539
677
12
177
539
676
12
177
538
676
12
177
538
664
12
174
529
664
12
174
529
611
110
137
413
611
110
137
413
422
379
25
59
422
379
25
59
418
376
24
59
418
376
24
59
871
372
170
501
871
372
170
501
948
352
193
572
993
370
203
602
993
370
203
602
993
369
203
602
993
369
203
602
993
369
203
601
993
369
203
601
761
94
183
551
761
94
183
551
640
12
168
510
640
12
168
510
675
12
177
537
585
146
122
365
585
146
122
365
420
378
25
59
420
378
25
59
416
374
24
59
416
374
24
59
925
368
185
549
925
368
185
549
993
370
203
602
993
370
203
602
811
370
145
426
413
371
24
58
413
371
24
58
413
371
24
58
413
371
24
58
640
60
157
474
640
60
157
474
674
12
177
536
674
12
177
536
675
12
177
537
675
12
177
537
814
182
189
568
993
375
203
602
993
375
203
602
993
372
203
601
993
372
203
601
645
11
170
513
645
11
170
513
674
12
177
537
674
12
177
537
392
7
103
312
392
7
103
312
0
0
0
0
0
0
0
0
0
0
0
0
616
11
161
490
616
11
161
490
675
12
177
537
675
12
177
537
675
12
177
537
675
12
177
537
535
219
92
270
535
219
92
270
420
378
25
59
420
378
25
59
407
366
24
57
0
0
0
0
0
0
0
0
0
0
0
0
0
0
0
0
349
6
91
277
349
6
91
277
675
12
177
538
675
12
177
538
675
12
177
538
675
12
177
538
676
12
178
537
675
12
177
537
675
12
177
537
675
12
177
537
675
12
177
537
510
256
77
224
510
256
77
224
419
377
25
59
419
377
25
59
422
338
35
90
422
338
35
90
674
12
177
537
674
12
177
537
674
12
176
536
859
237
193
577
859
237
193
577
993
374
203
600
993
374
203
600
941
342
191
568
941
342
191
568
673
12
176
536
673
12
176
536
673
12
176
536
673
12
176
536
528
225
89
261
418
376
24
59
418
376
24
59
400
360
23
57
400
360
23
57
508
371
54
150
508
371
54
150
993
369
202
600
993
369
202
600
993
368
202
600
993
368
202
600
589
370
74
212
412
370
24
58
412
370
24
58
445
325
43
118
445
325
43
118
674
12
176
536
674
12
176
536
673
12
177
536
673
12
177
536
504
260
74
216
504
260
74
216
417
375
24
59
409
368
24
58
409
368
24
58
482
277
64
185
482
277
64
185
674
12
177
537
674
12
177
537
674
12
177
537
674
12
177
537
674
12
177
537
674
12
177
537
640
12
168
510
640
12
168
510
674
12
177
537
675
12
177
537
675
12
177
537
675
12
177
537
675
12
177
537
906
295
197
587
906
295
197
587
954
356
193
572
954
356
193
572
993
372
203
601
993
372
203
601
637
235
129
382
0
0
0
0
0
0
0
0
0
0
0
0
0
0
0
0
886
340
183
543
886
340
183
543
993
373
203
601
993
373
203
601
680
252
138
408
680
252
138
408
0
0
0
0
0
0
0
0
0
0
0
0
364
328
21
51
364
328
21
51
415
374
24
58
415
374
24
58
414
373
24
59
414
373
24
59
223
201
13
32
223
201
13
32
0
0
0
0
0
0
0
0
0
0
0
0
0
0
0
0
0
0
0
0
0
0
0
0
0
0
0
0
0
0
0
0
0
0
0
0
0
0
0
0
0
0
0
0
0
0
0
0
0
0
0
0
910
347
187
552
993
374
203
602
993
374
203
602
880
237
193
577
880
237
193
577
675
12
177
537
675
12
177
537
675
12
177
538
675
12
177
538
660
12
173
526
660
12
173
526
675
12
177
538
675
12
177
538
675
12
177
538
327
6
86
261
327
6
86
261
0
0
0
0
0
0
0
0
0
0
0
0
0
0
0
0
424
382
25
59
424
382
25
59
419
377
25
59
217
196
13
31
217
196
13
31
0
0
0
0
0
0
0
0
0
0
0
0
0
0
0
0
0
0
0
0
0
0
0
0
0
0
0
0
0
0
0
0
0
0
0
0
0
0
0
0
0
0
0
0
0
0
0
0
0
0
0
0
13
11
1
2
13
11
1
2
423
382
25
60
423
382
25
60
418
377
24
59
418
377
24
59
175
158
10
25
175
158
10
25
0
0
0
0
0
0
0
0
0
0
0
0
0
0
0
0
0
0
0
0
0
0
0
0
0
0
0
0
0
0
0
0
0
0
0
0
0
0
0
0
0
0
0
0
0
0
0
0
58
52
3
8
58
52
3
8
422
381
25
59
422
381
25
59
417
377
24
59
417
377
24
59
132
120
8
19
132
120
8
19
0
0
0
0
0
0
0
0
0
0
0
0
0
0
0
0
0
0
0
0
0
0
0
0
0
0
0
0
0
0
0
0
0
0
0
0
0
0
0
0
0
0
0
0
0
0
0
0
0
0
0
0
101
92
6
14
101
92
6
14
421
380
25
59
416
377
24
59
416
377
24
59
90
82
5
13
90
82
5
13
0
0
0
0
0
0
0
0
0
0
0
0
0
0
0
0
0
0
0
0
0
0
0
0
0
0
0
0
0
0
0
0
0
0
0
0
608
11
160
484
608
11
160
484
674
12
177
537
674
12
177
537
776
139
186
559
776
139
186
559
993
378
203
601
993
378
203
601
993
374
203
600
122
41
22
65
122
41
22
65
0
0
0
0
0
0
0
0
293
115
61
181
293
115
61
181
993
377
203
600
993
377
203
600
993
373
202
599
993
373
202
599
993
371
202
599
993
371
202
599
404
366
24
57
410
372
24
58
410
372
24
58
525
212
91
269
525
212
91
269
670
12
176
535
670
12
176
535
670
12
176
534
670
12
176
534
636
12
167
507
636
12
167
507
670
12
176
534
670
12
176
534
670
12
176
534
670
12
176
534
670
12
176
534
670
12
176
534
670
12
176
534
637
12
168
508
637
12
168
508
0
0
0
0
0
0
0
0
0
0
0
0
368
6
97
293
368
6
97
293
671
12
176
535
671
12
176
535
665
12
175
530
665
12
175
530
420
381
25
59
420
381
25
59
415
376
24
59
415
376
24
59
698
373
115
333
698
373
115
333
993
370
202
599
992
370
202
599
992
370
202
599
962
333
200
592
962
333
200
592
671
12
176
535
671
12
176
535
672
12
176
535
672
12
176
535
509
252
78
227
509
252
78
227
415
376
24
59
428
358
33
87
428
358
33
87
993
370
202
600
993
370
202
600
993
369
202
599
993
369
202
599
809
152
186
560
809
152
186
560
672
12
176
535
672
12
176
535
637
12
167
508
672
12
176
535
672
12
176
535
671
12
176
535
671
12
176
535
671
12
176
534
671
12
176
534
898
286
196
583
898
286
196
583
977
363
196
581
977
363
196
581
944
313
198
587
669
12
176
533
669
12
176
533
669
12
176
533
669
12
176
533
669
12
176
533
669
12
176
533
669
12
176
533
669
12
176
533
668
12
176
532
668
12
176
532
668
12
176
532
668
12
176
532
669
12
176
532
668
12
176
533
668
12
176
533
928
321
198
588
928
321
198
588
970
364
198
584
970
364
198
584
741
275
150
443
741
275
150
443
0
0
0
0
0
0
0
0
0
0
0
0
782
303
162
481
782
303
162
481
949
354
192
568
949
354
192
568
927
293
196
584
927
293
196
584
670
12
176
534
670
12
176
534
670
12
176
534
670
12
176
534
671
12
176
534
413
344
31
82
413
344
31
82
414
376
24
59
414
376
24
59
412
374
24
58
412
374
24
58
411
373
24
58
411
373
24
58
410
372
24
58
410
372
24
58
646
46
162
489
646
46
162
489
672
12
176
535
672
12
177
535
672
12
177
535
671
12
176
535
671
12
176
535
671
12
176
535
671
12
176
535
671
12
176
535
671
12
176
535
987
376
202
596
987
376
202
596
993
373
202
598
550
203
110
326
550
203
110
326
0
0
0
0
0
0
0
0
0
0
0
0
0
0
0
0
639
11
168
509
639
11
168
509
670
12
176
534
670
12
176
534
670
12
176
534
670
12
176
534
