1
0
0
0
1
0
0
0
1
0
0
0
1
0
0
0
1
0
0
0
1
0
0
0
1
0
0
0
1
0
0
0
1
0
0
0
1
0
0
0
1
0
0
0
1
0
0
0
1
0
0
0
1
0
0
0
1
0
0
0
277
31
25
63
277
31
25
63
311
35
28
71
311
35
28
71
300
25
28
70
300
25
28
70
283
6
27
68
283
6
27
68
283
6
27
68
16
1
2
4
16
1
2
4
1
0
0
0
1
0
0
0
1
0
0
0
1
0
0
0
1
0
0
0
1
0
0
0
1
0
0
0
1
0
0
0
2
1
0
0
25
30
2
2
25
30
2
2
25
30
2
2
25
30
2
2
10
12
1
1
10
12
1
1
1
0
0
0
1
0
0
0
1
0
0
0
1
0
0
0
1
0
0
0
1
0
0
0
1
0
0
0
1
0
0
0
1
0
0
0
1
0
0
0
1
0
0
0
1
0
0
0
1
0
0
0
8
9
1
1
8
9
1
1
25
30
2
2
25
30
2
2
25
30
2
2
4
4
1
1
4
4
1
1
1
0
0
0
1
0
0
0
1
0
0
0
1
0
0
0
1
0
0
0
1
0
0
0
1
0
0
0
1
0
0
0
1
0
0
0
1
0
0
0
1
0
0
0
1
0
0
0
1
0
0
0
14
16
1
1
14
16
1
1
25
30
2
2
25
30
2
2
24
29
2
2
24
29
2
2
283
6
27
68
283
6
27
68
283
6
27
68
283
6
27
68
283
6
27
68
71
2
7
17
71
2
7
17
1
0
0
0
1
0
0
0
6
6
1
1
6
6
1
1
25
30
2
2
25
30
2
2
25
30
2
2
226
11
21
54
226
11
21
54
269
6
25
65
269
6
25
65
283
6
27
68
283
6
27
68
283
6
27
68
283
6
27
68
283
6
27
68
283
6
27
68
283
6
27
68
270
6
25
66
270
6
25
66
283
6
27
68
283
6
27
68
156
4
15
37
156
4
15
37
1
0
0
0
1
0
0
0
1
0
0
0
1
0
0
0
279
6
26
67
283
6
27
68
283
6
27
68
283
6
27
68
283
6
27
68
109
23
10
23
109
23
10
23
25
30
2
2
25
30
2
2
60
31
5
10
60
31
5
10
311
35
28
71
311
35
28
71
311
35
28
71
291
15
27
69
291
15
27
69
281
6
27
68
281
6
27
68
283
6
27
68
283
6
27
68
194
15
18
45
194
15
18
45
25
30
2
2
24
30
2
2
24
30
2
2
278
33
25
63
278
33
25
63
310
35
28
71
310
35
28
71
300
24
28
70
300
24
28
70
283
6
27
68
283
6
27
68
283
6
27
68
269
6
25
64
269
6
25
64
283
6
27
68
283
6
27
68
283
6
27
68
283
6
27
68
130
21
12
29
130
21
12
29
25
30
2
2
25
30
2
2
35
29
3
5
311
35
28
71
311
35
28
71
310
35
28
71
310
35
28
71
310
35
28
71
310
35
28
71
310
35
28
71
310
35
28
71
296
31
27
68
296
31
27
68
283
6
27
68
283
6
27
68
283
6
27
68
283
6
27
68
283
6
27
68
66
27
6
12
66
27
6
12
24
30
2
2
24
30
2
2
107
31
9
22
107
31
9
22
310
35
28
71
310
35
28
71
310
35
28
71
62
31
5
11
62
31
5
11
25
30
2
2
25
30
2
2
24
30
2
2
24
30
2
2
157
18
14
36
157
18
14
36
283
6
27
68
283
6
27
68
281
6
27
67
311
36
28
71
311
36
28
71
310
35
28
71
310
35
28
71
295
20
28
69
295
20
28
69
283
6
27
68
283
6
27
68
273
6
26
66
273
6
26
66
1
0
0
0
1
0
0
0
1
0
0
0
1
0
0
0
1
0
0
0
214
5
20
52
214
5
20
52
269
6
25
65
269
6
25
65
230
11
22
54
230
11
22
54
25
30
2
2
25
30
2
2
24
30
2
2
6
7
1
1
6
7
1
1
1
0
0
0
1
0
0
0
1
0
0
0
1
0
0
0
121
3
12
29
121
3
12
29
283
6
27
68
283
6
27
68
283
6
27
68
270
6
25
66
270
6
25
66
283
6
27
68
283
6
27
68
166
17
15
38
166
17
15
38
25
30
2
2
25
30
2
2
24
30
2
2
24
30
2
2
279
6
26
67
283
6
27
68
283
6
27
68
283
6
27
68
283
6
27
68
302
26
28
70
302
26
28
70
310
35
28
71
310
35
28
71
307
32
28
70
307
32
28
70
283
6
27
68
283
6
27
68
283
6
27
68
102
23
9
21
102
23
9
21
24
30
2
2
24
30
2
2
67
31
6
12
67
31
6
12
311
35
28
71
311
35
28
71
310
35
28
71
310
35
28
71
310
35
28
71
46
29
4
7
46
29
4
7
24
30
2
2
24
30
2
2
120
21
11
27
120
21
11
27
283
6
27
68
283
6
27
68
283
6
27
68
283
6
27
68
36
28
3
5
24
30
2
2
24
30
2
2
24
30
2
2
24
30
2
2
177
16
16
41
177
16
16
41
283
6
27
68
283
6
27
68
269
6
25
65
269
6
25
65
283
6
27
68
283
6
27
68
283
6
27
68
283
6
27
68
283
6
27
68
283
6
27
68
283
6
27
68
272
8
26
66
272
8
26
66
311
36
28
71
311
36
28
71
310
35
28
71
310
35
28
71
310
35
28
71
51
6
5
12
51
6
5
12
1
0
0
0
1
0
0
0
89
10
8
21
89
10
8
21
311
35
28
71
311
35
28
71
310
35
28
71
41
5
4
9
41
5
4
9
1
0
0
0
1
0
0
0
1
0
0
0
1
0
0
0
13
15
1
1
13
15
1
1
25
30
2
2
25
30
2
2
24
30
2
2
24
30
2
2
1
0
0
0
1
0
0
0
1
0
0
0
1
0
0
0
1
0
0
0
1
0
0
0
1
0
0
0
1
0
0
0
1
0
0
0
1
0
0
0
1
0
0
0
1
0
0
0
1
0
0
0
1
0
0
0
234
27
21
53
234
27
21
53
295
34
27
67
295
34
27
67
305
29
28
70
305
29
28
70
283
6
27
68
283
6
27
68
283
6
27
68
283
6
27
68
283
6
27
68
269
6
25
65
269
6
25
65
219
5
21
52
219
5
21
52
1
0
0
0
1
0
0
0
1
0
0
0
1
0
0
0
1
0
0
0
24
29
2
2
24
29
2
2
25
30
2
2
25
30
2
2
14
17
1
1
14
17
1
1
1
0
0
0
1
0
0
0
1
0
0
0
1
0
0
0
1
0
0
0
1
0
0
0
1
0
0
0
1
0
0
0
1
0
0
0
1
0
0
0
1
0
0
0
1
0
0
0
1
0
0
0
4
4
1
1
4
4
1
1
25
30
2
2
25
30
2
2
25
30
2
2
8
9
1
1
8
9
1
1
1
0
0
0
1
0
0
0
1
0
0
0
1
0
0
0
1
0
0
0
1
0
0
0
1
0
0
0
1
0
0
0
1
0
0
0
1
0
0
0
1
0
0
0
1
0
0
0
1
0
0
0
10
11
1
1
10
11
1
1
25
30
2
2
25
30
2
2
25
30
2
2
25
30
2
2
2
2
1
1
1
0
0
0
1
0
0
0
1
0
0
0
1
0
0
0
1
0
0
0
1
0
0
0
1
0
0
0
1
0
0
0
1
0
0
0
1
0
0
0
1
0
0
0
1
0
0
0
1
0
0
0
16
19
1
1
16
19
1
1
25
30
2
2
25
30
2
2
22
27
2
2
22
27
2
2
1
0
0
0
1
0
0
0
1
0
0
0
1
0
0
0
1
0
0
0
1
0
0
0
1
0
0
0
1
0
0
0
1
0
0
0
82
2
8
20
82
2
8
20
283
6
27
68
283
6
27
68
283
6
27
68
283
6
27
68
307
32
28
70
310
35
29
71
310
35
29
71
212
24
20
48
212
24
20
48
1
0
0
0
1
0
0
0
1
0
0
0
1
0
0
0
1
0
0
0
1
0
0
0
311
36
28
71
310
35
28
71
310
35
28
71
156
32
14
33
156
32
14
33
24
30
2
2
24
30
2
2
24
29
2
2
24
29
2
2
283
6
27
68
283
6
27
68
283
6
27
68
283
6
27
68
283
6
27
68
283
6
27
68
283
6
27
68
269
6
25
65
269
6
25
65
283
6
27
68
283
6
27
68
283
6
27
68
283
6
27
68
283
6
27
68
283
6
27
68
59
2
6
14
1
0
0
0
1
0
0
0
68
2
7
17
68
2
7
17
283
6
27
68
283
6
27
68
283
6
27
68
283
6
27
68
283
6
27
68
283
6
27
68
25
29
1
2
25
30
2
2
25
30
2
2
156
32
14
34
156
32
14
34
311
35
28
71
311
35
28
71
310
35
28
71
310
35
28
71
282
6
27
68
282
6
27
68
283
6
27
68
283
6
27
68
283
6
27
68
107
23
10
23
107
23
10
23
25
30
2
2
25
30
2
2
63
30
5
11
63
30
5
11
311
35
28
71
311
35
28
71
310
35
28
71
291
14
27
69
291
14
27
69
279
6
26
67
279
6
26
67
283
6
27
68
283
6
27
68
283
6
27
68
283
6
27
68
283
6
27
68
283
6
27
68
283
6
27
68
283
6
27
68
294
32
27
67
311
35
28
71
311
35
28
71
300
24
28
70
300
24
28
70
283
6
27
68
283
6
27
68
283
6
27
68
283
6
27
68
269
6
25
65
269
6
25
65
283
6
27
68
283
6
27
68
283
6
27
68
283
6
27
68
283
6
27
68
283
6
27
68
283
6
27
68
270
7
26
65
270
7
26
65
311
36
28
71
311
36
28
71
310
35
28
71
115
13
11
26
115
13
11
26
1
0
0
0
1
0
0
0
25
3
3
6
25
3
3
6
311
36
28
71
311
36
28
71
311
35
28
71
311
35
28
71
310
35
28
71
287
10
27
68
287
10
27
68
283
6
27
68
283
6
27
68
205
14
19
48
205
14
19
48
25
30
2
2
25
30
2
2
24
30
2
2
24
30
2
2
24
30
2
2
24
30
2
2
24
30
2
2
110
22
10
24
110
22
10
24
283
6
27
68
283
6
27
68
283
6
27
68
283
6
27
68
277
6
26
66
277
6
26
66
283
6
27
68
283
6
27
68
283
6
27
68
298
22
28
69
298
22
28
69
311
35
28
71
311
35
28
71
295
34
27
67
295
34
27
67
1
0
0
0
1
0
0
0
1
0
0
0
1
0
0
0
1
0
0
0
219
5
21
53
219
5
21
53
269
6
25
65
269
6
25
65
283
6
27
68
283
6
27
68
283
6
27
68
283
6
27
68
283
6
27
68
283
6
27
68
305
30
28
70
295
34
27
67
295
34
27
67
303
28
28
70
303
28
28
70
283
6
27
68
283
6
27
68
283
6
27
68
283
6
27
68
283
6
27
68
283
6
27
68
277
6
26
66
283
6
27
68
283
6
27
68
283
6
27
68
283
6
27
68
283
6
27
68
283
6
27
68
283
6
27
68
283
6
27
68
25
30
2
2
25
30
2
2
25
30
2
2
25
30
2
2
24
30
2
2
204
13
19
48
204
13
19
48
283
6
27
68
283
6
27
68
284
6
27
68
284
6
27
68
283
6
27
68
283
6
27
68
283
6
27
68
283
6
27
68
79
2
8
19
1
0
0
0
1
0
0
0
5
5
1
1
5
5
1
1
25
30
2
2
25
30
2
2
25
30
2
2
25
30
2
2
24
30
2
2
24
30
2
2
2
2
1
1
1
0
0
0
1
0
0
0
1
0
0
0
1
0
0
0
1
0
0
0
1
0
0
0
1
0
0
0
1
0
0
0
1
0
0
0
1
0
0
0
1
0
0
0
11
13
1
1
11
13
1
1
25
30
2
2
25
30
2
2
25
30
2
2
25
30
2
2
38
27
3
6
38
27
3
6
283
6
27
68
283
6
27
68
283
6
27
68
283
6
27
68
117
22
11
25
25
30
2
2
25
30
2
2
22
27
2
2
22
27
2
2
1
0
0
0
1
0
0
0
1
0
0
0
1
0
0
0
1
0
0
0
1
0
0
0
22
26
1
2
25
30
2
2
25
30
2
2
17
21
1
2
17
21
1
2
1
0
0
0
1
0
0
0
1
0
0
0
1
0
0
0
1
0
0
0
1
0
0
0
1
0
0
0
95
2
9
23
95
2
9
23
283
6
27
68
283
6
27
68
283
6
27
68
283
6
27
68
275
6
26
66
275
6
26
66
311
36
28
71
311
36
28
71
311
35
28
71
136
16
13
31
136
16
13
31
1
0
0
0
1
0
0
0
3
0
1
1
3
0
1
1
311
36
28
71
311
36
28
71
310
35
28
71
310
35
28
71
310
35
28
71
310
35
28
71
289
12
27
69
269
6
25
65
269
6
25
65
289
13
27
69
289
13
27
69
311
35
28
71
311
35
28
71
310
35
28
71
310
35
28
71
